//golf

dimwishlist:item=602618796&perks=1482024992,2420895100,1820235745,3425386926
dimwishlist:item=933455006&perks=4090651448,2969185026,1428297954,2213355989,2988596335
dimwishlist:item=4095896073&perks=852209214,3827198035,2846385770,588594999
dimwishlist:item=211938782&perks=852209214,16392701,706527188,47981717
dimwishlist:item=1856262127&perks=4090651448,1885400500,2779035018,124408337
dimwishlist:item=2812100428&perks=4090651448,1561002382,2450788523,3047969693,2839173408
dimwishlist:item=1982711279&perks=1840239774,3142289711,1168162263,3425386926
dimwishlist:item=3138208275&perks=4090651448,1885400500,2946784966,3047969693
dimwishlist:item=2199171672&perks=839105230,1087426260,2387244414,1015611457
dimwishlist:item=3169616514&perks=3250034553,4134353779,957782887,47981717
dimwishlist:item=3228096719&perks=3250034553,106909392,957782887,1771339417
dimwishlist:item=1387987271&perks=4090651448,3230963543,280464955,1771339417,1281216113
dimwishlist:item=2990047042&perks=1840239774,2420895100,1523832109,2726471870
dimwishlist:item=2349907931&perks=1467527085,1561002382,1820235745,124408337,744217850
dimwishlist:item=3924212056&perks=1482024992,3142289711,1820235745,3038247973
dimwishlist:item=1337707096&perks=839105230,1087426260,1359896290,2848615171
dimwishlist:item=540880995&perks=3661387068,3142289711,1359896290,2846385770,3989629871
dimwishlist:item=3044460004&perks=4090651448,1687452232,1645158859,2213355989
dimwishlist:item=613334176&perks=1478423395,2822142346,3096702027,2396489472
dimwishlist:item=3281285075&perks=3250034553,3142289711,1523832109,3523296417
dimwishlist:item=1481892490&perks=4090651448,3230963543,2450788523,2846385770
dimwishlist:item=2481758391&perks=839105230,1561002382,2946784966,3108830275
dimwishlist:item=1141927949&perks=4090651448,1561002382,2010801679,3425386926,515704826
dimwishlist:item=208088207&perks=1840239774,1968497646,2387244414,957782887
dimwishlist:item=4117693024&perks=1482024992,791862061,3161816588,706527188
dimwishlist:item=2185327324&perks=4090651448,3142289711,1428297954,47981717,2988596335
dimwishlist:item=2566006935&perks=4090651448,1885400500,2946784966,1015611457
dimwishlist:item=2065081837&perks=1482024992,1431678320,3400784728,3523296417
dimwishlist:item=3624844116&perks=839105230,3142289711,3300816228,4293542123,2988596335
dimwishlist:item=958384347&perks=1844523823,3796465595,3977735242,1275731761
dimwishlist:item=136525518&perks=1478423395,2822142346,3300816228,3977735242
